0.000000000000000000e+00
8.097391536060359114e-06
3.238816712347854443e-05
7.287228449457621544e-05
1.295496775106989807e-04
2.024202626314255352e-04
2.914839480696501716e-04
3.967406453611615645e-04
5.181902838486209016e-04
6.558328276028082974e-04
8.096682951471532866e-04
9.796967818847554608e-04
1.165918485260867892e-03
1.368333732796636745e-03
1.586943012877782338e-03
1.821747008526293466e-03
2.072746634079213491e-03
2.339943074867463935e-03
2.623337830066829832e-03
2.922932758631043449e-03
3.238730128438077008e-03
3.570732668846032885e-03
3.918943626526060452e-03
4.283366824908496802e-03
4.664006727222600769e-03
5.060868503103798689e-03
5.473958099229949033e-03
5.903282313710401553e-03
6.348848874707832025e-03
6.810666523158701198e-03
7.288745099849319904e-03
7.783095637116423278e-03
8.293730455060752127e-03
8.820663262696218365e-03
9.363909264098926877e-03
9.923485269689925892e-03
1.049940981308907645e-02
1.109170327340194828e-02
1.170038800347287383e-02
1.232548846413618338e-02
1.296703136487786095e-02
1.362504581094770711e-02
1.429956345750082319e-02
1.499061867067304210e-02
1.569824869634443842e-02
1.642249383640344285e-02
1.716339763339038565e-02
1.792100706334877336e-02
1.869537273773213409e-02
1.948654911434460207e-02
2.029459471804078569e-02
2.111957237152031069e-02
2.196154943651950492e-02
2.282059806617408454e-02
2.369679546887788063e-02
2.459022418413814998e-02
2.550097237116769749e-02
2.642913411063217005e-02
2.737480972037287935e-02
2.833810608546982052e-02
2.931913700378176862e-02
3.031802354726955556e-02
3.133489444017053399e-02
3.236988645467873266e-02
3.342314482518535940e-02
3.449482368176428476e-02
3.558508650411384283e-02
3.669410659673476988e-02
3.782206758667557706e-02
3.896916394486351493e-02
4.013560153211375575e-02
4.132159817143692820e-02
4.252738424757795260e-02
4.375320333564135938e-02
4.499931285995100588e-02
4.626598478506898510e-02
4.755350634039758745e-02
4.886218078040981821e-02
5.019232818227003373e-02
5.154428628298820397e-02
5.291841135814186886e-02
5.431507914451318836e-02
5.573468580920556276e-02
5.717764896745166497e-02
5.864440875233824929e-02
6.013542893893446956e-02
6.165119812617996659e-02
6.319223097970988468e-02
6.475906953915502862e-02
6.635228459364825304e-02
6.797247712951193233e-02
6.962027985431584742e-02
7.129635880189028052e-02
7.300141502303283958e-02
7.473618636699574935e-02
7.650144935955227599e-02
7.829802118281053991e-02
8.012676176386629434e-02
8.198857597828962396e-02
